0.0100000
0.0500000
0.0625000
0.0640783
0.0656566
0.0672348
0.0688131
0.0703914
0.0719697
0.0735480
0.0751263
0.0767045
0.0782828
0.0798611
0.0814394
0.0830177
0.0845960
0.0861742
0.0877525
0.0893308
0.0909091
0.0924242
0.0939394
0.0954545
0.0969697
0.0984848
0.1000000
0.1015873
0.1031746
0.1047619
0.1063492
0.1079365
0.1095238
0.1111111
0.1128472
0.1145833
0.1163194
0.1180556
0.1197917
0.1215278
0.1232639
0.1250000
0.1266234
0.1282468
0.1298701
0.1314935
0.1331169
0.1347403
0.1363636
0.1379870
0.1396104
0.1412338
0.1428571
0.1444444
0.1460317
0.1476190
0.1492063
0.1507937
0.1523810
0.1539683
0.1555556
0.1571429
0.1587302
0.1603175
0.1619048
0.1634921
0.1650794
0.1666667
0.1682540
0.1698413
0.1714286
0.1730159
0.1746032
0.1761905
0.1777778
0.1793651
0.1809524
0.1825397
0.1841270
0.1857143
0.1873016
0.1888889
0.1904762
0.1920635
0.1936508
0.1952381
0.1968254
0.1984127
0.2000000
0.2015625
0.2031250
0.2046875
0.2062500
0.2078125
0.2093750
0.2109375
0.2125000
0.2140625
0.2156250
0.2171875
0.2187500
0.2203125
0.2218750
0.2234375
0.2250000
0.2265625
0.2281250
0.2296875
0.2312500
0.2328125
0.2343750
0.2359375
0.2375000
0.2390625
0.2406250
0.2421875
0.2437500
0.2453125
0.2468750
0.2484375
0.2500000
0.2516026
0.2532051
0.2548077
0.2564103
0.2580128
0.2596154
0.2612179
0.2628205
0.2644231
0.2660256
0.2676282
0.2692308
0.2708333
0.2724359
0.2740385
0.2756410
0.2772436
0.2788462
0.2804487
0.2820513
0.2836538
0.2852564
0.2868590
0.2884615
0.2900641
0.2916667
0.2932692
0.2948718
0.2964744
0.2980769
0.2996795
0.3012821
0.3028846
0.3044872
0.3060897
0.3076923
0.3092949
0.3108974
0.3125000
0.3141026
0.3157051
0.3173077
0.3189103
0.3205128
0.3221154
0.3237179
0.3253205
0.3269231
0.3285256
0.3301282
0.3317308
0.3333333
0.3349206
0.3365079
0.3380952
0.3396825
0.3412698
0.3428571
0.3444444
0.3460317
0.3476190
0.3492063
0.3507937
0.3523810
0.3539683
0.3555556
0.3571429
0.3587302
0.3603175
0.3619048
0.3634921
0.3650794
0.3666667
0.3682540
0.3698413
0.3714286
0.3730159
0.3746032
0.3761905
0.3777778
0.3793651
0.3809524
0.3825397
0.3841270
0.3857143
0.3873016
0.3888889
0.3904762
0.3920635
0.3936508
0.3952381
0.3968254
0.3984127
0.4000000
0.4015873
0.4031746
0.4047619
0.4063492
0.4079365
0.4095238
0.4111111
0.4126984
0.4142857
0.4158730
0.4174603
0.4190476
0.4206349
0.4222222
0.4238095
0.4253968
0.4269841
0.4285714
0.4301587
0.4317460
0.4333333
0.4349206
0.4365079
0.4380952
0.4396825
0.4412698
0.4428571
0.4444444
0.4460317
0.4476190
0.4492063
0.4507937
0.4523810
0.4539683
0.4555556
0.4571429
0.4587302
0.4603175
0.4619048
0.4634921
0.4650794
0.4666667
0.4682540
0.4698413
0.4714286
0.4730159
0.4746032
0.4761905
0.4777778
0.4793651
0.4809524
0.4825397
0.4841270
0.4857143
0.4873016
0.4888889
0.4904762
0.4920635
0.4936508
0.4952381
0.4968254
0.4984127
0.5000000
0.5015924
0.5031847
0.5047771
0.5063694
0.5079618
0.5095541
0.5111465
0.5127389
0.5143312
0.5159236
0.5175159
0.5191083
0.5207006
0.5222930
0.5238854
0.5254777
0.5270701
0.5286624
0.5302548
0.5318471
0.5334395
0.5350318
0.5366242
0.5382166
0.5398089
0.5414013
0.5429936
0.5445860
0.5461783
0.5477707
0.5493631
0.5509554
0.5525478
0.5541401
0.5557325
0.5573248
0.5589172
0.5605096
0.5621019
0.5636943
0.5652866
0.5668790
0.5684713
0.5700637
0.5716561
0.5732484
0.5748408
0.5764331
0.5780255
0.5796178
0.5812102
0.5828025
0.5843949
0.5859873
0.5875796
0.5891720
0.5907643
0.5923567
0.5939490
0.5955414
0.5971338
0.5987261
0.6003185
0.6019108
0.6035032
0.6050955
0.6066879
0.6082803
0.6098726
0.6114650
0.6130573
0.6146497
0.6162420
0.6178344
0.6194268
0.6210191
0.6226115
0.6242038
0.6257962
0.6273885
0.6289809
0.6305732
0.6321656
0.6337580
0.6353503
0.6369427
0.6385350
0.6401274
0.6417197
0.6433121
0.6449045
0.6464968
0.6480892
0.6496815
0.6512739
0.6528662
0.6544586
0.6560510
0.6576433
0.6592357
0.6608280
0.6624204
0.6640127
0.6656051
0.6671975
0.6687898
0.6703822
0.6719745
0.6735669
0.6751592
0.6767516
0.6783439
0.6799363
0.6815287
0.6831210
0.6847134
0.6863057
0.6878981
0.6894904
0.6910828
0.6926752
0.6942675
0.6958599
0.6974522
0.6990446
0.7006369
0.7022293
0.7038217
0.7054140
0.7070064
0.7085987
0.7101911
0.7117834
0.7133758
0.7149682
0.7165605
0.7181529
0.7197452
0.7213376
0.7229299
0.7245223
0.7261146
0.7277070
0.7292994
0.7308917
0.7324841
0.7340764
0.7356688
0.7372611
0.7388535
0.7404459
0.7420382
0.7436306
0.7452229
0.7468153
0.7484076
0.7500000
0.7515924
0.7531847
0.7547771
0.7563694
0.7579618
0.7595541
0.7611465
0.7627389
0.7643312
0.7659236
0.7675159
0.7691083
0.7707006
0.7722930
0.7738854
0.7754777
0.7770701
0.7786624
0.7802548
0.7818471
0.7834395
0.7850318
0.7866242
0.7882166
0.7898089
0.7914013
0.7929936
0.7945860
0.7961783
0.7977707
0.7993631
0.8009554
0.8025478
0.8041401
0.8057325
0.8073248
0.8089172
0.8105096
0.8121019
0.8136943
0.8152866
0.8168790
0.8184713
0.8200637
0.8216561
0.8232484
0.8248408
0.8264331
0.8280255
0.8296178
0.8312102
0.8328025
0.8343949
0.8359873
0.8375796
0.8391720
0.8407643
0.8423567
0.8439490
0.8455414
0.8471338
0.8487261
0.8503185
0.8519108
0.8535032
0.8550955
0.8566879
0.8582803
0.8598726
0.8614650
0.8630573
0.8646497
0.8662420
0.8678344
0.8694268
0.8710191
0.8726115
0.8742038
0.8757962
0.8773885
0.8789809
0.8805732
0.8821656
0.8837580
0.8853503
0.8869427
0.8885350
0.8901274
0.8917197
0.8933121
0.8949045
0.8964968
0.8980892
0.8996815
0.9012739
0.9028662
0.9044586
0.9060510
0.9076433
0.9092357
0.9108280
0.9124204
0.9140127
0.9156051
0.9171975
0.9187898
0.9203822
0.9219745
0.9235669
0.9251592
0.9267516
0.9283439
0.9299363
0.9315287
0.9331210
0.9347134
0.9363057
0.9378981
0.9394904
0.9410828
0.9426752
0.9442675
0.9458599
0.9474522
0.9490446
0.9506369
0.9522293
0.9538217
0.9554140
0.9570064
0.9585987
0.9601911
0.9617834
0.9633758
0.9649682
0.9665605
0.9681529
0.9697452
0.9713376
0.9729299
0.9745223
0.9761146
0.9777070
0.9792994
0.9808917
0.9824841
0.9840764
0.9856688
0.9872611
0.9888535
0.9904459
0.9920382
0.9936306
0.9952229
0.9968153
0.9984076
0.9985669
0.9987261
0.9988854
0.9990446
0.9992038
0.9993631
0.9995223
0.9996815
0.9998408
1.0000000