0.010000000
0.047619048
0.050000000
0.052631579
0.055555556
0.058823529
0.062500000
0.066666667
0.071428571
0.076923077
0.083333333
0.090909091
0.100000000
0.102301164
0.104602327
0.106903491
0.109204654
0.111111111
0.113425926
0.115740741
0.118055556
0.120370370
0.122685185
0.125000000
0.127232143
0.129464286
0.131696429
0.133928571
0.136160714
0.138392857
0.140625000
0.142857143
0.145238095
0.147619048
0.150000000
0.152380952
0.154761905
0.157142857
0.159523810
0.161904762
0.164285714
0.166666667
0.169047619
0.171428571
0.173809524
0.176190476
0.178571429
0.180952381
0.183333333
0.185714286
0.188095238
0.190476190
0.192857143
0.195238095
0.197619048
0.200000000
0.202272727
0.204545455
0.206818182
0.209090909
0.211363636
0.213636364
0.215909091
0.218181818
0.220454545
0.222727273
0.225000000
0.227272727
0.229545455
0.231818182
0.234090909
0.236363636
0.238636364
0.240909091
0.243181818
0.245454545
0.247727273
0.250000000
0.252314815
0.254629630
0.256944444
0.259259259
0.261574074
0.263888889
0.266203704
0.268518519
0.270833333
0.273148148
0.275462963
0.277777778
0.280092593
0.282407407
0.284722222
0.287037037
0.289351852
0.291666667
0.293981481
0.296296296
0.298611111
0.300925926
0.303240741
0.305555556
0.307870370
0.310185185
0.312500000
0.314814815
0.317129630
0.319444444
0.321759259
0.324074074
0.326388889
0.328703704
0.331018519
0.333333333
0.335616438
0.337899543
0.340182648
0.342465753
0.344748858
0.347031963
0.349315068
0.351598174
0.353881279
0.356164384
0.358447489
0.360730594
0.363013699
0.365296804
0.367579909
0.369863014
0.372146119
0.374429224
0.376712329
0.378995434
0.381278539
0.383561644
0.385844749
0.388127854
0.390410959
0.392694064
0.394977169
0.397260274
0.399543379
0.401826484
0.404109589
0.406392694
0.408675799
0.410958904
0.413242009
0.415525114
0.417808219
0.420091324
0.422374429
0.424657534
0.426940639
0.429223744
0.431506849
0.433789954
0.436073059
0.438356164
0.440639269
0.442922374
0.445205479
0.447488584
0.449771689
0.452054795
0.454337900
0.456621005
0.458904110
0.461187215
0.463470320
0.465753425
0.468036530
0.470319635
0.472602740
0.474885845
0.477168950
0.479452055
0.481735160
0.484018265
0.486301370
0.488584475
0.490867580
0.493150685
0.495433790
0.497716895
0.500000000
0.502703627
0.505004790
0.507305954
0.509607117
0.511908281
0.514209445
0.516510608
0.518811772
0.521112935
0.523414099
0.525715262
0.528016426
0.530317590
0.532618753
0.534919917
0.537221080
0.539522244
0.541823408
0.544124571
0.546425735
0.548726898
0.551028062
0.553329225
0.555630389
0.557931553
0.560232716
0.562533880
0.564835043
0.567136207
0.569437371
0.571738534
0.574039698
0.576340861
0.578642025
0.580943188
0.583244352
0.585545516
0.587846679
0.590147843
0.592449006
0.594750170
0.597051333
0.599352497
0.601653661
0.603954824
0.606255988
0.608557151
0.610858315
0.613159479
0.615460642
0.617761806
0.620062969
0.622364133
0.624665296
0.626966460
0.629267624
0.631568787
0.633869951
0.636171114
0.638472278
0.640773442
0.643074605
0.645375769
0.647676932
0.649978096
0.652279259
0.654580423
0.656881587
0.659182750
0.661483914
0.663785077
0.666086241
0.668387405
0.670688568
0.672989732
0.675290895
0.677592059
0.679893222
0.682194386
0.684495550
0.686796713
0.689097877
0.691399040
0.693700204
0.696001367
0.698302531
0.700603695
0.702904858
0.705206022
0.707507185
0.709808349
0.712109513
0.714410676
0.716711840
0.719013003
0.721314167
0.723615330
0.725916494
0.728217658
0.730518821
0.732819985
0.735121148
0.737422312
0.739723476
0.742024639
0.744325803
0.746626966
0.748928130
0.751229293
0.753530457
0.755831621
0.758132784
0.760433948
0.762735111
0.765036275
0.767337438
0.769638602
0.771939766
0.774240929
0.776542093
0.778843256
0.781144420
0.783445584
0.785746747
0.788047911
0.790349074
0.792650238
0.794951401
0.797252565
0.799553729
0.801854892
0.804156056
0.806457219
0.808758383
0.811059547
0.813360710
0.815661874
0.817963037
0.820264201
0.822565364
0.824866528
0.827167692
0.829468855
0.831770019
0.834071182
0.836372346
0.838673509
0.840974673
0.843275837
0.845577000
0.847878164
0.850179327
0.852480491
0.854781655
0.857082818
0.859383982
0.861685145
0.863986309
0.866287472
0.868588636
0.870889800
0.873190963
0.875492127
0.877793290
0.880094454
0.882395618
0.884696781
0.886997945
0.889299108
0.891600272
0.893901435
0.896202599
0.898503763
0.900804926
0.903106090
0.905407253
0.907708417
0.910009581
0.912310744
0.914611908
0.916913071
0.919214235
0.921515398
0.923816562
0.926117726
0.928418889
0.930720053
0.933021216
0.935322380
0.937623543
0.939924707
0.942225871
0.944527034
0.946828198
0.949129361
0.951430525
0.953731689
0.956032852
0.958334016
0.960635179
0.962936343
0.965237506
0.967538670
0.969839834
0.972140997
0.974442161
0.976743324
0.979044488
0.981345652
0.983646815
0.985947979
0.988249142
0.990550306
0.992851469
0.992922955
0.992994440
0.993065925
0.993137411
0.993208896
0.993280381
0.993351867
0.993423352
0.993494837
0.993566322
0.993637808
0.993709293
0.993780778
0.993852264
0.993923749
0.993995234
0.994066720
0.994138205
0.994209690
0.994281176
0.994352661
0.994424146
0.994495631
0.994567117
0.994638602
0.994710087
0.994781573
0.994853058
0.994924543
0.994996029
0.995067514
0.995138999
0.995210485
0.995281970
0.995353455
0.995424940
0.995496426
0.995567911
0.995639396
0.995710882
0.995782367
0.995853852
0.995925338
0.995996823
0.996068308
0.996139793
0.996211279
0.996282764
0.996354249
0.996425735
0.996497220
0.996568705
0.996640191
0.996711676
0.996783161
0.996854647
0.996926132
0.996997617
0.997069102
0.997140588
0.997212073
0.997283558
0.997355044
0.997426529
0.997498014
0.997569500
0.997640985
0.997712470
0.997783956
0.997855441
0.997926926
0.997998411
0.998069897
0.998141382
0.998212867
0.998284353
0.998355838
0.998427323
0.998498809
0.998570294
0.998641779
0.998713264
0.998784750
0.998856235
0.998927720
0.998999206
0.999070691
0.999142176
0.999213662
0.999285147
0.999356632
0.999428118
0.999499603
0.999571088
0.999642573
0.999714059
0.999785544
0.999857029
0.999928515
1.000000000